405 Data Not Found.
No data found for the specified period for DLPH.